#Tensor product hilbert space dimension: 4; Number of simulations: 5;
#Mixed Separable(received) DMs were read from: /Users/jojito/Desktop/TFG/Code/Newcode/feature/input_data/T7/mixed_states/separable.txt; Mixed Entangled (Generated) DMs were read from: /Users/jojito/Desktop/TFG/Code/Newcode/feature/input_data/T7/mixed_states/negativity_(0.1, 0.2).txt;
#Architecture of the MLP: [9, 4, 1]; Number of epochs: 100; Fraction of DMs used for training: 0.8;
#Activation function in the hidden layers: relu; Activation function in the output layer: sigmoid; Loss function: binary_crossentropy;
#Optimizer: rmsprop; Batch size: 40; Test tolerance: 0.5;
#Sucess rate averaged over every simulation and over every sample in the test set: 100.0%
#Sample standard deviation for averaged success rate: 0.0%
#Epoch	Loss		Loss sample STD		Val. Loss		V.L. sample STD
1	0.463309	0.050614	0.240834	0.082955
2	0.153567	0.070448	0.100723	0.053075
3	0.081599	0.043559	0.066335	0.035921
4	0.056150	0.030472	0.046584	0.025435
5	0.039356	0.021491	0.032595	0.017843
6	0.027389	0.014996	0.022561	0.012383
7	0.018942	0.010383	0.015542	0.008528
8	0.012989	0.007128	0.010646	0.005837
9	0.008887	0.004875	0.007261	0.003980
10	0.006060	0.003317	0.004947	0.002708
11	0.004130	0.002253	0.003364	0.001837
12	0.002811	0.001529	0.002283	0.001246
13	0.001911	0.001036	0.001551	0.000846
14	0.001303	0.000703	0.001058	0.000573
15	0.000891	0.000477	0.000723	0.000390
16	0.000613	0.000326	0.000499	0.000267
17	0.000427	0.000224	0.000346	0.000184
18	0.000303	0.000155	0.000246	0.000130
19	0.000219	0.000110	0.000180	0.000093
20	0.000166	0.000081	0.000137	0.000070
21	0.000128	0.000062	0.000107	0.000055
22	0.000103	0.000048	0.000087	0.000044
23	0.000086	0.000039	0.000072	0.000036
24	0.000072	0.000033	0.000062	0.000031
25	0.000062	0.000028	0.000054	0.000026
26	0.000056	0.000024	0.000048	0.000023
27	0.000050	0.000022	0.000043	0.000021
28	0.000045	0.000019	0.000039	0.000019
29	0.000041	0.000017	0.000035	0.000017
30	0.000037	0.000016	0.000032	0.000016
31	0.000035	0.000015	0.000030	0.000014
32	0.000032	0.000013	0.000028	0.000013
33	0.000029	0.000013	0.000026	0.000012
34	0.000028	0.000012	0.000024	0.000011
35	0.000026	0.000011	0.000023	0.000011
36	0.000025	0.000010	0.000021	0.000010
37	0.000024	0.000010	0.000020	0.000010
38	0.000022	0.000009	0.000019	0.000009
39	0.000021	0.000009	0.000018	0.000009
40	0.000020	0.000008	0.000017	0.000008
41	0.000019	0.000008	0.000017	0.000008
42	0.000018	0.000008	0.000016	0.000008
43	0.000017	0.000007	0.000015	0.000007
44	0.000017	0.000007	0.000015	0.000007
45	0.000016	0.000007	0.000014	0.000007
46	0.000016	0.000006	0.000014	0.000006
47	0.000015	0.000006	0.000013	0.000006
48	0.000014	0.000006	0.000013	0.000006
49	0.000014	0.000006	0.000012	0.000006
50	0.000013	0.000006	0.000012	0.000006
51	0.000013	0.000005	0.000011	0.000006
52	0.000013	0.000005	0.000011	0.000005
53	0.000012	0.000005	0.000011	0.000005
54	0.000012	0.000005	0.000014	0.000007
55	0.000012	0.000005	0.000010	0.000005
56	0.000011	0.000005	0.000010	0.000005
57	0.000011	0.000005	0.000010	0.000005
58	0.000011	0.000004	0.000009	0.000005
59	0.000010	0.000004	0.000009	0.000004
60	0.000010	0.000004	0.000009	0.000004
61	0.000010	0.000004	0.000009	0.000004
62	0.000010	0.000004	0.000008	0.000004
63	0.000009	0.000004	0.000008	0.000004
64	0.000009	0.000004	0.000008	0.000004
65	0.000009	0.000004	0.000008	0.000004
66	0.000009	0.000004	0.000008	0.000004
67	0.000008	0.000004	0.000010	0.000005
68	0.000008	0.000004	0.000007	0.000004
69	0.000008	0.000003	0.000007	0.000003
70	0.000008	0.000003	0.000007	0.000003
71	0.000008	0.000003	0.000007	0.000003
72	0.000008	0.000003	0.000007	0.000003
73	0.000008	0.000003	0.000007	0.000003
74	0.000007	0.000003	0.000007	0.000003
75	0.000007	0.000003	0.000006	0.000003
76	0.000007	0.000003	0.000006	0.000003
77	0.000007	0.000003	0.000006	0.000003
78	0.000007	0.000003	0.000006	0.000003
79	0.000007	0.000003	0.000006	0.000003
80	0.000007	0.000003	0.000006	0.000003
81	0.000006	0.000003	0.000006	0.000003
82	0.000006	0.000003	0.000006	0.000003
83	0.000006	0.000003	0.000006	0.000003
84	0.000006	0.000003	0.000006	0.000003
85	0.000006	0.000003	0.000005	0.000003
86	0.000006	0.000003	0.000005	0.000003
87	0.000006	0.000003	0.000005	0.000003
88	0.000006	0.000003	0.000005	0.000003
89	0.000006	0.000002	0.000005	0.000002
90	0.000006	0.000002	0.000005	0.000002
91	0.000006	0.000002	0.000005	0.000002
92	0.000005	0.000002	0.000005	0.000002
93	0.000005	0.000002	0.000005	0.000002
94	0.000005	0.000002	0.000005	0.000002
95	0.000005	0.000002	0.000005	0.000002
96	0.000005	0.000002	0.000005	0.000002
97	0.000005	0.000002	0.000005	0.000002
98	0.000005	0.000002	0.000005	0.000002
99	0.000005	0.000002	0.000004	0.000002
100	0.000005	0.000002	0.000004	0.000002
