#Tensor product hilbert space dimension: 4; Number of simulations: 5;
#Pure Separable(Received) DMs were read from: /Users/jojito/Desktop/TFG/Code/Newcode/input_data/T1/pure_states/separable.txt; Pure Entangled (generated) DMs were read from: /Users/jojito/Desktop/TFG/Code/Newcode/input_data/T4/pure_states/negativity_(0.4, 0.5).txt;
#Architecture of the MLP: [16, 8, 1]; Number of epochs: 100; Fraction of DMs used for training: 0.8;
#Activation function in the hidden layers: relu; Activation function in the output layer: sigmoid; Loss function: binary_crossentropy;
#Optimizer: rmsprop; Batch size: 40; Test tolerance: 0.5;
#Sucess rate averaged over every simulation and over every sample in the test set: 100.0%
#Sample standard deviation for averaged success rate: 0.0%
#Epoch	Loss		Loss sample STD		Val. Loss		V.L. sample STD
1	0.628384	0.007587	0.534189	0.013032
2	0.396964	0.014844	0.274480	0.012849
3	0.198347	0.009377	0.147838	0.007534
4	0.109325	0.007126	0.081632	0.005867
5	0.058826	0.005202	0.043784	0.004142
6	0.030689	0.003338	0.022713	0.002802
7	0.015909	0.002198	0.011725	0.001704
8	0.008408	0.001337	0.006336	0.001084
9	0.004540	0.000764	0.003547	0.000665
10	0.002567	0.000435	0.002165	0.000423
11	0.001507	0.000259	0.001432	0.000318
12	0.000938	0.000174	0.000954	0.000220
13	0.000600	0.000122	0.000840	0.000269
14	0.000394	0.000083	0.000579	0.000152
15	0.000283	0.000060	0.000560	0.000236
16	0.000206	0.000046	0.000349	0.000095
17	0.000161	0.000035	0.000279	0.000070
18	0.000121	0.000026	0.000243	0.000076
19	0.000099	0.000021	0.000226	0.000062
20	0.000080	0.000016	0.000213	0.000075
21	0.000067	0.000013	0.000222	0.000076
22	0.000056	0.000011	0.000165	0.000047
23	0.000049	0.000009	0.000185	0.000071
24	0.000043	0.000008	0.000133	0.000036
25	0.000037	0.000006	0.000164	0.000058
26	0.000033	0.000005	0.000117	0.000031
27	0.000030	0.000005	0.000111	0.000031
28	0.000027	0.000004	0.000127	0.000041
29	0.000024	0.000004	0.000120	0.000042
30	0.000023	0.000003	0.000075	0.000017
31	0.000021	0.000003	0.000100	0.000031
32	0.000019	0.000003	0.000110	0.000043
33	0.000018	0.000002	0.000096	0.000030
34	0.000017	0.000002	0.000124	0.000064
35	0.000016	0.000002	0.000087	0.000028
36	0.000015	0.000002	0.000088	0.000028
37	0.000014	0.000002	0.000068	0.000025
38	0.000013	0.000002	0.000073	0.000024
39	0.000013	0.000001	0.000077	0.000025
40	0.000012	0.000001	0.000071	0.000028
41	0.000012	0.000001	0.000078	0.000025
42	0.000011	0.000001	0.000059	0.000018
43	0.000010	0.000001	0.000070	0.000027
44	0.000010	0.000001	0.000066	0.000024
45	0.000010	0.000001	0.000085	0.000037
46	0.000009	0.000001	0.000057	0.000021
47	0.000009	0.000001	0.000058	0.000023
48	0.000009	0.000001	0.000057	0.000021
49	0.000008	0.000001	0.000059	0.000024
50	0.000008	0.000001	0.000070	0.000030
51	0.000008	0.000001	0.000048	0.000018
52	0.000008	0.000001	0.000057	0.000023
53	0.000007	0.000001	0.000074	0.000032
54	0.000007	0.000001	0.000063	0.000034
55	0.000007	0.000001	0.000053	0.000021
56	0.000007	0.000001	0.000046	0.000018
57	0.000007	0.000001	0.000054	0.000024
58	0.000006	0.000001	0.000062	0.000031
59	0.000006	0.000001	0.000050	0.000019
60	0.000006	0.000001	0.000057	0.000024
61	0.000006	0.000001	0.000045	0.000017
62	0.000006	0.000000	0.000052	0.000022
63	0.000006	0.000000	0.000046	0.000018
64	0.000005	0.000000	0.000049	0.000018
65	0.000005	0.000000	0.000049	0.000020
66	0.000005	0.000000	0.000046	0.000020
67	0.000005	0.000000	0.000047	0.000021
68	0.000005	0.000000	0.000044	0.000020
69	0.000005	0.000000	0.000041	0.000015
70	0.000005	0.000000	0.000046	0.000020
71	0.000005	0.000000	0.000049	0.000022
72	0.000005	0.000000	0.000032	0.000011
73	0.000005	0.000000	0.000042	0.000016
74	0.000004	0.000000	0.000035	0.000015
75	0.000004	0.000000	0.000040	0.000018
76	0.000004	0.000000	0.000039	0.000018
77	0.000004	0.000000	0.000041	0.000018
78	0.000004	0.000000	0.000045	0.000020
79	0.000004	0.000000	0.000044	0.000021
80	0.000004	0.000000	0.000038	0.000016
81	0.000004	0.000000	0.000036	0.000014
82	0.000004	0.000000	0.000038	0.000016
83	0.000004	0.000000	0.000043	0.000020
84	0.000004	0.000000	0.000040	0.000018
85	0.000004	0.000000	0.000042	0.000020
86	0.000004	0.000000	0.000036	0.000014
87	0.000004	0.000000	0.000042	0.000018
88	0.000003	0.000000	0.000037	0.000016
89	0.000003	0.000000	0.000039	0.000017
90	0.000003	0.000000	0.000039	0.000020
91	0.000003	0.000000	0.000037	0.000017
92	0.000003	0.000000	0.000041	0.000020
93	0.000003	0.000000	0.000036	0.000018
94	0.000003	0.000000	0.000033	0.000012
95	0.000003	0.000000	0.000031	0.000014
96	0.000003	0.000000	0.000035	0.000016
97	0.000003	0.000000	0.000029	0.000012
98	0.000003	0.000000	0.000037	0.000016
99	0.000003	0.000000	0.000035	0.000016
100	0.000003	0.000000	0.000035	0.000017
